commit 468ed8550b7759858a4dc59d694859a8ae7d35f0
Author: Luc Maisonobe <luc@apache.org>
Date:   Thu Sep 13 11:13:03 2012

    Fixed an error in rectangular Cholesky decomposition.
    
    JIRA: MATH-789
    
    git-svn-id: https://svn.apache.org/repos/asf/commons/proper/math/trunk@1384363 13f79535-47bb-0310-9956-ffa450edef68

diff --git a/src/test/java/org/apache/commons/math3/linear/RectangularCholeskyDecompositionTest.java b/src/test/java/org/apache/commons/math3/linear/RectangularCholeskyDecompositionTest.java
--- /dev/null
+++ b/src/test/java/org/apache/commons/math3/linear/RectangularCholeskyDecompositionTest.java
@@ -0,0 +76,37 @@
+    public void testMath789() {
+
+        final RealMatrix m1 = MatrixUtils.createRealMatrix(new double[][]{
+            {0.013445532, 0.010394690, 0.009881156, 0.010499559},
+            {0.010394690, 0.023006616, 0.008196856, 0.010732709},
+            {0.009881156, 0.008196856, 0.019023866, 0.009210099},
+            {0.010499559, 0.010732709, 0.009210099, 0.019107243}
+        });
+        RealMatrix root1 = new RectangularCholeskyDecomposition(m1, 1.0e-10).getRootMatrix();
+        RealMatrix rebuiltM1 = root1.multiply(root1.transpose());
+        Assert.assertEquals(0.0, m1.subtract(rebuiltM1).getNorm(), 1.0e-16);
+
+        final RealMatrix m2 = MatrixUtils.createRealMatrix(new double[][]{
+            {0.0, 0.0, 0.0, 0.0, 0.0},
+            {0.0, 0.013445532, 0.010394690, 0.009881156, 0.010499559},
+            {0.0, 0.010394690, 0.023006616, 0.008196856, 0.010732709},
+            {0.0, 0.009881156, 0.008196856, 0.019023866, 0.009210099},
+            {0.0, 0.010499559, 0.010732709, 0.009210099, 0.019107243}
+        });
+        RealMatrix root2 = new RectangularCholeskyDecomposition(m2, 1.0e-10).getRootMatrix();
+        RealMatrix rebuiltM2 = root2.multiply(root2.transpose());
+        Assert.assertEquals(0.0, m2.subtract(rebuiltM2).getNorm(), 1.0e-16);
+
+        final RealMatrix m3 = MatrixUtils.createRealMatrix(new double[][]{
+            {0.013445532, 0.010394690, 0.0, 0.009881156, 0.010499559},
+            {0.010394690, 0.023006616, 0.0, 0.008196856, 0.010732709},
+            {0.0, 0.0, 0.0, 0.0, 0.0},
+            {0.009881156, 0.008196856, 0.0, 0.019023866, 0.009210099},
+            {0.010499559, 0.010732709, 0.0, 0.009210099, 0.019107243}
+        });
+        RealMatrix root3 = new RectangularCholeskyDecomposition(m3, 1.0e-10).getRootMatrix();
+        RealMatrix rebuiltM3 = root3.multiply(root3.transpose());
+        Assert.assertEquals(0.0, m3.subtract(rebuiltM3).getNorm(), 1.0e-16);
+
+    }
+
+}
